山楂树之恋 4151110 2010 9 16
杜拉拉升职记 3820191 2010 4 19
锦衣卫 3754946 2010 2 3
叶问前传 4134631 2010 6 25
西风烈 4082544 2010 10 28
无人驾驶 4111416 2010 7 2
完美嫁衣 4271832 2010 10 22
荒村公寓 3566540 2010 8 13
狄仁杰之通天帝国 3412830 2010 9 29
未来警察 3329192 2010 3 30
人在囧途 4237879 2010 6 4
越光宝盒 3928370 2010 3 18
孔子 3606975 2010 1 22
东风雨 3562446 2010 4 22
密室之不可告人 4894075 2010 10 30
叶问2：宗师传奇 3578981 2010 4 27
火龙对决 3993708 2010 4 1
绝命岛 4922850 2010 10 12
出水芙蓉 2276989 2010 7 6
枪王之王 4133988 2010 7 1
线人 4133814 2010 8 24
等着你回来 3851822 2010 7 28
龙凤店 4735944 2010 8 19
决战刹马镇 4078562 2010 6 22
大兵小将 3279107 2010 2 14
异度公寓 4827536 2010 6 4
非诚勿扰2 4271894 2010 12 22
海洋天堂 4004731 2010 6 18
七小罗汉 4881121 2010 7 23
魔侠传之唐吉可德 3824500 2010 10 15
让子弹飞 3742360 2010 12 16
岁月神偷 3792799 2010 4 16
我的美女老板 4275502 2010 7 30
我们恋爱吧 5323175 2010 9 10
月满轩尼诗 3777800 2010 4 2
苏乞儿 3736637 2010 2 9
我的野蛮女友2 4707237 2010 11 5
嘻游记 4843641 2010 7 2
美丽密令 4100696 2010 3 30
赵氏孤儿 3546019 2010 12 4
恋爱通告 4707230 2010 8 12
全城热恋 4066206 2010 2 11
全城戒备 3874981 2010 8 6
精武风云·陈真 3792816 2010 9 21
唐山大地震 3596502 2010 7 22
第一书记 4896295 2010 7 15
午夜心跳 4894075 2010 12 24
功夫梦 3074503 2010 6 22
爱出色 4711195 2010 11 9
谍海风云 2352630 2010 6 17
剑雨 3813779 2010 9 28
大笑江湖 4323732 2010 12 3
